date,confirm_add,confirm,heal,dead
03.06,1,1,0,0
03.07,1,2,0,0
03.08,0,2,0,0
03.09,0,2,0,0
03.10,0,2,0,0
03.11,0,2,0,0
03.12,0,2,0,0
03.13,0,2,0,0
03.14,1,3,0,0
03.15,0,3,0,0
03.16,1,5,0,0
03.17,5,10,2,0
03.18,0,10,2,0
03.19,3,13,2,0
03.20,8,21,2,0
03.21,6,27,2,0
03.22,13,40,2,0
03.23,16,56,2,0
03.24,10,66,2,0
03.25,10,66,2,1
03.26,9,75,3,1
03.27,13,88,3,2
03.28,6,94,3,2
03.29,5,99,3,2
03.30,43,142,5,6
03.31,51,193,5,6
04.01,40,233,10,6
04.02,51,284,10,7
04.03,22,306,10,7
04.04,203,509,17,8
04.05,46,555,17,9
04.06,103,658,17,9
04.07,0,658,17,9
04.08,27,685,60,9
04.09,45,730,60,10
04.10,73,803,61,12
04.11,17,820,98,12
04.12,0,820,98,12
04.13,0,820,98,12
04.14,28,848,130,14
04.15,0,848,165,17
04.16,0,848,165,17
04.17,148,996,164,22
04.18,21,1017,177,22
04.19,0,1017,305,42
04.20,0,1017,305,42
04.21,146,1163,329,43
04.22,0,1163,331,43
04.23,0,1163,397,43
04.24,267,1430,668,43
04.25,88,1518,697,53
04.26,103,1621,786,56
04.27,0,1621,786,56
04.28,84,1705,805,58
04.29,101,1806,915,59
04.30,26,1832,934,61
05.01,0,1832,934,61
05.02,0,1832,934,61
05.03,245,2077,953,64
05.04,0,2077,953,64
05.05,27,2104,953,64
05.06,161,2265,1000,64
05.07,2,2267,1002,108
05.08,0,2267,1002,108
05.09,7,2274,1232,108
05.10,305,2579,1465,114
05.11,0,2579,1465,114
05.12,110,2689,1524,125
05.13,0,2689,1524,125
05.14,111,2800,1543,136
05.15,154,2954,1553,139
05.16,151,3105,1567,140
05.17,0,3105,1567,140
05.18,0,3105,1567,140
05.19,424,3529,1567,140
05.20,0,3529,1567,140
05.21,204,3733,1595,146
05.22,555,4288,1808,156
05.23,112,4400,1822,159
05.24,0,4400,1822,159
05.25,490,4890,1865,165
05.26,154,5044,1917,171
05.27,392,5436,1996,175
05.28,0,5436,1996,175
05.29,0,5436,1996,175
05.30,0,5436,3326,177
05.31,468,5904,3568,191
06.01,239,6143,3578,197
06.02,254,6397,3629,199
06.03,188,6585,3676,200
06.04,204,6789,3705,203
06.05,603,7392,4575,205
06.06,207,7599,4587,212
06.07,0,7599,4587,212
06.08,461,8060,4748,212
06.09,252,8312,4794,212
06.10,369,8681,4836,212
06.11,0,8681,4836,212
06.12,0,8681,4836,212
06.13,0,8681,4836,212
06.14,0,8681,4836,212
06.15,1183,9864,5570,276
06.16,0,9864,5570,276
06.17,0,9864,5570,276
06.18,0,9864,5570,276
06.19,774,10638,7548,282
06.20,0,10638,7548,282
06.21,972,11610,7702,301
06.22,282,11892,7710,303
06.23,149,12041,7740,308
06.24,229,12270,7774,313
06.25,322,12592,10100,313
06.26,0,12592,10100,313
06.27,0,12592,10100,313
06.28,0,12592,10100,313
06.29,0,12592,10100,313
06.30,0,12592,10100,313
07.01,0,12592,10100,313
07.02,0,12592,10100,313
07.03,0,12592,10100,313
07.04,0,12592,10100,313
07.05,0,12592,10100,313
07.06,0,12592,10100,313
07.07,2324,14916,11525,359
07.08,0,14916,11525,359
07.09,0,14916,11525,359
07.10,0,14916,11525,359
07.11,0,14916,11525,359
07.12,257,15173,11928,359
07.13,0,15173,11928,359
07.14,0,15173,11928,359
