date,confirm_add,confirm,heal,dead
03.02,1,2,1,0
03.03,0,2,1,0
03.04,0,2,1,0
03.05,1,3,1,0
03.06,0,3,1,0
03.07,12,15,1,0
03.08,33,48,1,0
03.09,7,55,12,1
03.10,4,59,26,1
03.11,0,59,26,1
03.12,7,67,26,1
03.13,13,80,26,2
03.14,13,93,26,2
03.15,17,110,26,2
03.16,16,126,26,2
03.17,40,166,26,2
03.18,30,196,26,6
03.19,14,210,26,6
03.20,46,256,28,7
03.21,29,285,39,8
03.22,9,294,41,10
03.23,33,327,56,14
03.24,39,366,68,19
03.25,76,442,80,21
03.26,14,456,95,21
03.27,39,495,102,24
03.28,41,536,116,30
03.29,40,576,121,36
03.30,33,609,132,40
03.31,47,656,150,41
04.01,54,710,157,46
04.02,69,779,179,52
04.03,86,865,201,58
04.04,120,985,216,66
04.05,85,1070,241,71
04.06,103,1173,247,78
04.07,149,1322,259,85
04.08,128,1450,276,94
04.09,110,1560,305,103
04.10,139,1699,348,118
04.11,95,1794,384,135
04.12,145,1939,426,146
04.13,126,2065,589,159
04.14,125,2190,589,164
04.15,160,2350,589,178
04.16,155,2505,589,183
04.17,168,2673,596,196
04.18,171,2844,646,205
04.19,188,3032,701,224
04.20,112,3144,732,239
04.21,189,3333,821,250
04.22,157,3490,870,264
04.23,169,3659,935,276
04.24,433,4092,1075,294
04.25,0,4092,1075,294
04.26,227,4319,1114,307
04.27,215,4534,1176,317
04.28,248,4782,1236,337
04.29,260,5042,1304,359
04.30,226,5268,1335,380
05.01,269,5537,1381,392
05.02,358,5895,1460,406
05.03,298,6193,1522,415
05.04,272,6465,1562,429
05.05,736,7201,1730,452
05.06,0,7201,1730,452
05.07,387,7588,1815,469
05.08,393,7981,1887,482
05.09,495,8476,1945,503
05.10,488,8964,2002,514
05.11,436,9400,2075,525
05.12,346,9746,2172,533
05.13,347,10093,2326,544
05.14,338,10431,2486,556
05.15,398,10829,2626,571
05.16,399,11228,2799,592
05.17,491,11719,2950,612
05.18,510,12229,3172,630
05.19,535,12764,3440,645
05.20,720,13484,3742,659
05.21,745,14229,3994,680
05.22,774,15003,4217,696
05.23,783,15786,4374,707
05.24,727,16513,4628,735
05.25,752,17265,4807,764
05.26,702,17967,4900,783
05.27,789,18756,5027,797
05.28,910,19666,5205,816
05.29,1127,20793,5359,845
05.30,1289,22082,5511,879
05.31,1367,23449,5693,913
06.01,1536,24985,6037,959
06.02,1399,26384,6447,1005
06.03,1152,27536,6827,1052
06.04,1079,28615,7350,1088
06.05,1152,29767,7756,1126
06.06,1348,31115,8158,1166
06.07,1497,32612,8538,1198
06.08,1467,34079,8961,1237
06.09,1365,35444,9375,1271
06.10,1385,36829,9786,1306
06.11,1455,38284,10289,1342
06.12,1442,39726,10691,1377
06.13,1577,41303,11108,1422
06.14,1677,42980,11529,1484
06.15,1618,44598,11931,1575
06.16,1691,46289,12329,1672
06.17,1567,47856,12730,1766
06.18,1363,49219,13141,1850
06.19,1218,50437,13528,1938
06.20,1774,52211,13928,2017
06.21,1547,53758,14327,2106
06.22,1475,55233,14736,2193
06.23,1576,56809,15133,2278
06.24,1332,58141,15535,2365
06.25,1420,59561,15935,2450
06.26,1569,61130,16338,2533
06.27,1625,62755,16737,2620
06.28,1168,63923,17140,2708
06.29,1265,65188,17539,2789
06.30,1566,66754,17951,2872
07.01,1557,68311,18460,2953
07.02,1503,69814,18881,3034
07.03,1485,71299,19288,3120
07.04,1412,72711,19690,3201
07.05,1324,74035,20103,3280
07.06,1218,75253,20726,3343
07.07,969,76222,21238,3422
07.08,1057,77279,21718,3489
07.09,1025,78304,22241,3564
07.10,950,79254,22753,3617
07.11,981,80235,23274,3702
07.12,923,81158,23876,3769
07.13,912,82070,24419,3858
07.14,931,83001,24975,3935
07.15,929,83930,25544,4008
